version 17
timestamp 4295153804
cpu0 14 0 41713202 20374143 388649 15075 479095080606 27525547892 21347927
domain0 MC 00ff 22 22 0 0 0 0 0 0 0 0 22 99371 28356 66003 7 0 71104 0 5019 23 3 28353 2066521 544857 1286374 0 0 1522227 0 235290 1928 324 443493 0 0 0 0 0 0 0 0 0 199082 11611 0
domain1 PKG ffff 8 8 0 0 0 0 0 0 0 0 4 53171 35297 15945 0 7561191 25933 0 1991 130 3 31246 1262237 876188 331119 200 180905392 473223 0 54930 114 88 812733 27 0 27 0 0 0 0 0 0 174492 12650 0
cpu1 4 0 21521964 9350707 32701826 2784689 1017585637451 475856215603 12147909
domain0 MC 00ff 1471 1468 3 41 0 0 0 0 0 0 1468 46972 29703 16821 0 0 17299 0 445 59 2 29704 726037 259611 405744 0 0 466587 0 60682 477 172 219320 0 0 0 0 0 0 0 0 0 18613934 6031178 0
domain1 PKG ffff 122 122 0 0 0 0 0 0 0 0 0 32464 30163 2065 0 791735 3518 0 238 2 0 3199 598529 348100 214340 0 110101665 333317 0 36089 4 77 313632 0 0 0 0 0 0 0 0 0 11303203 5200149 0
cpu2 10 0 42459247 20717441 384459 13931 482411956926 29186035713 21743845
domain0 MC 00ff 14 14 0 0 0 0 0 0 0 0 14 98447 27586 66308 0 0 70957 0 4559 27 4 27582 2211573 572751 1383743 0 0 1639407 0 255079 1608 302 465142 0 0 0 0 0 0 0 0 0 197447 11514 0
domain1 PKG ffff 10 10 0 0 0 0 0 0 0 0 0 49901 47448 2187 0 670980 3289 0 274 0 0 7198 1287422 896396 335581 16 180491225 479344 0 55445 3 91 831962 0 0 0 0 0 0 0 0 0 173081 12407 0
cpu3 1 0 20300609 8703993 33716775 2686845 1057508572505 545044610253 11574497
domain0 MC 00ff 1960 1958 2 4 0 0 0 0 0 0 1958 44250 29670 14207 7 0 14617 0 379 42 3 29665 654258 243686 358021 0 0 410714 0 52551 434 149 206815 1 0 1 0 0 0 0 0 0 19182435 6098264 0
domain1 PKG ffff 175 175 0 0 0 0 0 0 0 0 0 30263 29716 482 0 139446 749 0 64 0 0 1123 565467 317957 210067 0 110920675 329658 0 37443 0 69 285341 0 0 0 0 0 0 0 0 0 11847495 5166100 0
cpu4 15 0 42301472 20643880 388505 14185 485081399576 28815737763 21660670
domain0 MC 00ff 21 21 0 0 0 0 0 0 0 0 21 98298 27268 66381 10 0 71125 0 4654 9 3 27265 2191268 575215 1363722 0 0 1616618 0 252331 1756 344 469339 0 0 0 0 0 0 0 0 0 200262 11739 0
domain1 PKG ffff 10 10 0 0 0 0 0 0 0 0 0 49360 48859 454 0 41837 619 0 49 0 0 2866 1249838 868578 327131 240 174353700 469153 0 54129 0 107 806302 0 0 0 0 0 0 0 0 0 174058 12584 0
cpu5 6 0 21716252 9358298 31772304 2633462 1030210925905 521649792737 12336941
domain0 MC 00ff 1719 1719 0 0 0 0 0 0 0 0 1719 46249 29305 16539 0 0 16979 0 404 31 4 29302 735958 268882 405313 0 0 467238 0 61763 482 170 227283 0 0 0 0 0 0 0 0 0 17999859 5708193 0
domain1 PKG ffff 122 122 0 0 0 0 0 0 0 0 0 31626 31478 138 0 4628 192 0 10 0 0 581 615945 352744 224595 0 118964210 348224 0 38606 0 67 316512 0 0 0 0 0 0 0 0 0 11138983 4821157 0
cpu6 21 0 41775239 20396369 389459 15081 484144712121 28121247517 21380803
domain0 MC 00ff 12 12 0 0 0 0 0 0 0 0 12 98066 27378 66682 0 0 70779 0 4009 17 3 27376 2150893 572026 1335155 0 0 1579413 0 243712 1780 326 463411 0 0 0 0 0 0 0 0 0 200513 11616 0
domain1 PKG ffff 12 12 0 0 0 0 0 0 0 0 0 49915 49834 73 0 2949 96 0 10 0 0 1253 1236084 855974 325829 0 176863781 465530 0 54281 0 89 792005 0 0 0 0 0 0 0 0 0 173865 12786 0
cpu7 3 0 20140834 8646872 32108764 2470216 1067813226218 565760031347 11472278
domain0 MC 00ff 2289 2288 1 18 0 0 0 0 0 0 2288 41170 26905 13906 16 0 14304 0 359 46 4 26901 633184 246153 337618 0 0 387196 0 49413 394 171 209322 0 0 0 0 0 0 0 0 0 18156323 5721845 0
domain1 PKG ffff 278 278 0 0 0 0 0 0 0 0 0 29418 29385 29 0 0 42 0 5 0 0 236 573658 325566 211534 0 111076412 332622 0 36558 0 74 291120 0 0 0 0 0 0 0 0 0 11482225 4592205 0
cpu8 15 0 36411693 17796460 325017 16898 406315033037 23780643459 18619426
domain0 MC ff00 30 30 0 0 0 0 0 0 0 0 30 108859 32106 72383 0 0 76858 0 4378 40 2 32104 1798470 486807 1115468 0 0 1312182 0 196195 3249 284 398194 2 0 2 0 0 0 0 0 0 166974 10115 0
domain1 PKG ffff 7 7 0 0 0 0 0 0 0 0 2 55472 37480 16058 0 8089457 25777 0 1991 105 5 33011 1153509 799975 301299 480 161045822 435422 0 52235 110 68 741686 29 1 28 0 0 0 0 0 0 141145 10880 0
cpu9 2 0 20750197 8785957 31619120 2854873 1019454143651 542337357281 11942332
domain0 MC ff00 1456 1454 2 19 0 0 0 0 0 0 1454 48428 31276 16643 2 0 17182 0 507 56 2 31276 669711 247226 366349 0 0 422647 0 56136 521 173 209487 0 0 0 0 0 0 0 0 0 17307450 5249358 0
domain1 PKG ffff 107 107 0 0 0 0 0 0 0 0 0 32409 30151 2015 0 868479 3409 0 248 0 0 2982 574674 329331 207117 64 109456808 323621 0 38226 6 80 295906 0 0 0 0 0 0 0 0 0 11456797 4651309 0
cpu10 3 0 21032503 9013882 32728988 2606586 1070097170817 559551817963 11994418
domain0 MC ff00 2215 2214 1 4 0 0 0 0 0 0 2214 43060 28925 13815 3 0 14169 0 320 41 1 28925 644190 242944 350710 0 0 401383 0 50536 378 169 204283 1 0 1 0 0 0 0 0 0 18526686 5787714 0
domain1 PKG ffff 218 218 0 0 0 0 0 0 0 0 0 29382 28056 1179 0 404188 1931 0 150 0 0 1935 579938 327329 213452 88 115551480 333699 0 39157 2 88 291379 0 0 0 0 0 0 0 0 0 11595716 4951890 0
cpu11 9 0 43521069 21223968 415223 13127 508036100377 31465196542 22299462
domain0 MC ff00 17 17 0 0 0 0 0 0 0 0 17 98111 28889 64909 15 0 69303 0 4315 4 3 28886 2250723 572956 1416613 0 0 1678393 0 261154 1301 314 459419 0 0 0 0 0 0 0 0 0 209552 12235 0
domain1 PKG ffff 11 11 0 0 0 0 0 0 0 0 0 50308 48891 1242 0 321572 1827 0 177 0 0 5222 1317558 910199 346907 160 192531825 495514 0 60452 0 117 842308 0 0 0 0 0 0 0 0 0 192544 13055 0
cpu12 4 0 21785514 9501661 32257949 2554374 1056434056571 511786825951 12276838
domain0 MC ff00 1807 1806 1 11 0 0 0 0 0 0 1806 46398 29563 16472 0 0 16869 0 363 22 6 29558 721405 256775 404524 0 0 464791 0 60106 442 167 216511 0 0 0 0 0 0 0 0 0 18303113 5745879 0
domain1 PKG ffff 166 166 0 0 0 0 0 0 0 0 0 31055 30718 292 0 48918 435 0 46 0 0 963 611295 352288 219601 0 116246121 340005 0 39406 1 65 317009 0 0 0 0 0 0 0 0 0 11400462 5086106 0
cpu13 9 0 42685443 20850659 395856 12028 494266272136 28314385612 21838349
domain0 MC ff00 19 19 0 0 0 0 0 0 0 0 19 99069 27940 66498 24 0 71221 0 4633 14 2 27938 2214526 566426 1394697 0 0 1648711 0 253403 1533 293 457779 0 0 0 0 0 0 0 0 0 202417 12139 0
domain1 PKG ffff 9 9 0 0 0 0 0 0 0 0 0 49910 49613 262 0 7966 346 0 35 0 0 2081 1270033 879419 333144 712 181321103 477740 0 57470 0 88 815011 0 0 0 0 0 0 0 0 0 181411 12586 0
cpu14 3 0 20555573 8951446 32371324 2489238 1054230454616 529484947479 11582154
domain0 MC ff00 1931 1930 1 38 0 0 0 0 0 0 1930 45057 29344 15389 32 0 15753 0 325 17 4 29340 648287 237512 358478 0 0 410899 0 52297 476 164 202445 0 0 0 0 0 0 0 0 0 18459165 5803192 0
domain1 PKG ffff 173 173 0 0 0 0 0 0 0 0 0 30429 30348 69 0 7926 103 0 13 0 0 389 571925 325152 209652 56 107573052 329989 0 37121 0 69 293092 0 0 0 0 0 0 0 0 0 11422921 5078506 0
cpu15 8 0 42191617 20622840 388372 11799 483529985137 26622693344 21573715
domain0 MC ff00 18 18 0 0 0 0 0 0 0 0 18 99336 27513 66663 0 0 71921 0 5165 6 4 27509 2144478 557449 1346224 0 0 1587623 0 240805 1681 339 450410 0 0 0 0 0 0 0 0 0 199354 11878 0
domain1 PKG ffff 12 12 0 0 0 0 0 0 0 0 0 49946 49885 51 0 0 66 0 10 0 0 916 1242820 859805 326355 512 182253192 464761 0 56660 0 73 795380 0 0 0 0 0 0 0 0 0 177219 12422 0
