version 17
timestamp 4297297050
cpu0 779 0 56346776 26655557 654330 75269 716433991976 64124418948 29696660
domain0 MC 00ff 215 215 0 0 0 0 0 0 0 0 215 219152 147360 68255 2 0 71860 0 3547 347 4 147356 18049129 5706201 11352928 0 0 12344072 0 990000 889 4067 4519174 7 0 7 0 0 0 0 0 0 300316 17888 0
domain1 PKG ffff 101 101 0 0 0 0 0 0 0 0 2 146342 120975 23434 0 8768359 35219 0 2041 45 17 83267 15317291 10583835 4395119 1952 1376735451 5946633 0 338337 26 3376 9731343 68 2 66 0 0 0 0 0 0 278745 19398 0
cpu1 654 0 30515709 13953970 45929764 5399871 1280014238172 364775760308 16505916
domain0 MC 00ff 2043 2041 2 70 0 0 0 0 0 0 2041 162774 143442 18901 3 0 19353 0 425 24 13 143431 9182417 3320169 5553889 0 0 5862741 0 308359 65 3349 2634999 0 0 0 0 0 0 0 0 0 26653498 9586685 0
domain1 PKG ffff 260 260 0 0 0 0 0 0 0 0 0 114281 110996 2989 0 1083237 4664 0 298 0 0 6526 8095111 4941159 2941554 1192 817396982 4266456 0 212398 1 2612 4499961 0 0 0 0 0 0 0 0 0 13876395 9649485 0
cpu2 781 0 57225905 26775216 649365 69326 753961777184 78845606601 30456128
domain0 MC 00ff 558 558 0 0 0 0 0 0 0 0 558 209995 141034 66500 33 0 69036 0 2462 1 11 141025 22062001 6896709 13931791 0 0 15166731 0 1233501 161 4762 5453069 0 0 0 0 0 0 0 0 0 298985 17353 0
domain1 PKG ffff 249 249 0 0 0 0 0 0 0 0 0 140808 136924 3586 0 873323 5086 0 311 0 0 11755 18892954 12954997 5498701 2400 1803726130 7390373 0 439256 0 4563 11886604 0 0 0 0 0 0 0 0 0 281054 19181 0
cpu3 753 0 29928415 13436336 44608285 4923935 1321855323980 455727496318 16442248
domain0 MC 00ff 2526 2526 0 0 0 0 0 0 0 0 2526 127538 110552 16640 0 0 17023 0 347 0 4 110547 9654448 3724696 5596669 0 0 5930235 0 333083 0 3589 3007187 0 0 0 0 0 0 0 0 0 25570619 8944049 0
domain1 PKG ffff 264 264 0 0 0 0 0 0 0 0 0 90673 89789 813 0 154815 1193 0 74 0 0 2189 8457661 5025971 3191857 1000 947148047 4611743 0 239833 0 2804 4569609 0 0 0 0 0 0 0 0 0 14113731 8718114 0
cpu4 718 0 57250742 27021592 645195 71180 735543454562 69644374191 30232840
domain0 MC 00ff 547 547 0 0 0 0 0 0 0 0 547 215502 145381 66825 43 0 70217 0 3312 468 6 145375 18558135 5899108 11629043 0 0 12660278 0 1029984 826 4364 4682792 8 0 8 0 0 0 0 0 0 296601 17918 0
domain1 PKG ffff 236 236 0 0 0 0 0 0 0 0 0 142634 141678 872 0 110964 1155 0 86 0 0 5500 15892604 10947901 4590644 2496 1439473191 6200728 0 354059 0 3658 10052001 0 0 0 0 0 0 0 0 0 277414 19051 0
cpu5 791 0 29156743 12928163 44375125 4727794 1375864029507 527954375665 16190443
domain0 MC 00ff 2965 2963 2 35 0 0 0 0 0 0 2963 134344 118736 15288 0 0 15634 0 319 0 6 118731 9174255 3730196 5123625 0 0 5444554 0 320434 0 3598 3034766 0 0 0 0 0 0 0 0 0 25140650 8551202 0
domain1 PKG ffff 344 344 0 0 0 0 0 0 0 0 0 95338 95083 241 0 29641 327 0 16 0 0 1166 8087777 4754061 3100569 800 932637615 4495173 0 233147 0 2710 4321965 0 0 0 0 0 0 0 0 0 14506681 8149060 0
cpu6 749 0 55777837 26189990 633371 53334 750054325412 74530203548 29598577
domain0 MC 00ff 220 220 0 0 0 0 0 0 0 0 220 178278 108383 67291 58 0 69990 0 2614 291 10 108375 19620862 6323068 12198753 0 0 13299159 0 1099041 691 4279 5013732 9 0 9 0 0 0 0 0 0 297566 17553 0
domain1 PKG ffff 128 128 0 0 0 0 0 0 0 0 0 117632 117405 209 0 21938 260 0 19 0 0 2593 17080166 11630647 5039906 3904 1704880547 6742889 0 409613 0 4010 10686509 0 0 0 0 0 0 0 0 0 282471 19342 0
cpu7 784 0 27814868 12220365 46257845 4772224 1387257987353 572502401185 15549386
domain0 MC 00ff 3504 3504 0 0 0 0 0 0 0 0 3504 131941 117866 13790 3 0 14110 0 287 0 4 117862 8520436 3590296 4641980 0 0 4930577 0 288160 4 3387 2945500 0 0 0 0 0 0 0 0 0 26453481 8961602 0
domain1 PKG ffff 519 519 0 0 0 0 0 0 0 0 0 92820 92761 53 0 3623 68 0 5 0 0 470 7483879 4335884 2925864 648 885392363 4273311 0 222131 0 2442 3948262 0 0 0 0 0 0 0 0 0 15032140 8546448 0
cpu8 752 0 50394068 23805281 565054 62676 642403038050 61565182564 26603039
domain0 MC ff00 539 539 0 0 0 0 0 0 0 0 539 197796 120960 73617 0 0 76917 0 3221 2 8 120952 18053172 5897639 11278178 0 0 12156549 0 877355 207 4208 4680709 0 0 0 0 0 0 0 0 0 265159 16596 0
domain1 PKG ffff 302 302 0 0 0 0 0 0 0 0 2 128716 102981 23833 0 8718239 36206 0 1973 34 16 79103 15717510 10614902 4766688 2744 1550905145 6446926 0 335920 6 3250 9728236 37 1 36 0 0 0 0 0 0 237219 17058 0
cpu9 857 0 30976091 14040184 44741376 5756315 1261528153008 410527458069 16883990
domain0 MC ff00 3151 3151 0 0 0 0 0 0 0 0 3151 154171 133675 19993 11 0 20516 0 495 0 4 133671 9618284 3733938 5573089 0 0 5884819 0 311257 3 3568 3018777 0 0 0 0 0 0 0 0 0 25282196 8717495 0
domain1 PKG ffff 842 842 0 0 0 0 0 0 0 0 0 108478 105035 3199 0 1030523 5052 0 254 0 1 6814 8168420 4791242 3166022 4088 927695785 4607182 0 211156 1 2833 4344754 0 0 0 0 0 0 0 0 0 13702865 8687785 0
cpu10 676 0 30901011 13943037 45672167 5169209 1363854874806 475646206415 16903799
domain0 MC ff00 4209 4207 1 16 0 0 0 1 0 0 4207 146049 130889 14850 15 0 15178 0 306 0 6 130885 9348989 3830106 5209034 0 0 5519395 0 309849 2 3738 3141866 0 0 0 0 0 0 0 0 0 26812831 9235435 0
domain1 PKG ffff 947 947 0 0 0 0 0 0 0 0 0 102305 100502 1656 0 473870 2540 0 150 0 0 3173 7512167 4266466 3046417 1032 966182067 4395206 0 199284 0 2781 3845038 0 0 0 0 0 0 0 0 0 13690127 9235750 0
cpu11 709 0 60327436 28305066 669162 60073 799319889058 82203928903 32039323
domain0 MC ff00 740 740 0 0 0 0 0 0 0 0 740 214924 148687 63327 0 0 66335 0 2909 0 5 148682 22503914 7334748 13911733 0 0 15170718 0 1257433 156 5192 5788019 0 0 0 0 0 0 0 0 0 310833 18459 0
domain1 PKG ffff 281 281 0 0 0 0 0 0 0 0 0 145653 143321 2156 0 454211 2978 0 180 0 0 8267 16177161 10739303 5094478 3240 1662733974 6919397 0 343380 0 4145 9825794 0 0 0 0 0 0 0 0 0 298256 19402 0
cpu12 817 0 31700855 14220876 45242937 4770582 1335272160062 502334604227 17436517
domain0 MC ff00 3532 3532 0 0 0 0 0 0 0 0 3532 158906 142704 15853 103 0 16223 0 347 0 4 142698 9708371 3982145 5383305 0 0 5726747 0 342921 3 3788 3298987 0 0 0 0 0 0 0 0 0 26259224 8669227 0
domain1 PKG ffff 572 572 0 0 0 0 0 0 0 0 0 111729 111117 565 0 61799 833 0 48 0 0 1679 8545041 4912072 3403882 2400 1024574862 4981696 0 229087 0 2785 4457772 0 0 0 0 0 0 0 0 0 14213131 8542093 0
cpu13 786 0 58554512 27608802 641070 53270 760282996635 74697641537 30953654
domain0 MC ff00 1031 1031 0 0 0 0 0 0 0 0 1031 181014 112769 65834 2 0 68335 0 2413 3 11 112758 20584902 6413156 13062651 0 0 14172958 0 1109095 163 4641 4993603 0 0 0 0 0 0 0 0 0 303068 17910 0
domain1 PKG ffff 473 473 0 0 0 0 0 0 0 0 0 118969 118357 561 0 24084 727 0 51 0 0 4186 16097067 10744466 5014972 6392 1651304783 6772251 0 337629 0 3872 9828025 0 0 0 0 0 0 0 0 0 284732 18808 0
cpu14 784 0 30535419 13677484 45874430 4715780 1350382527357 515176247235 16812788
domain0 MC ff00 3046 3045 1 180 0 0 0 0 0 0 3045 119503 103639 15519 0 0 15895 0 344 0 3 103635 9313162 3907980 5089721 0 0 5405682 0 315461 0 3707 3251530 0 0 0 0 0 0 0 0 0 26978169 8999911 0
domain1 PKG ffff 491 491 0 0 0 0 0 0 0 0 0 83788 83622 158 0 4665 193 0 8 0 0 844 7996330 4570163 3215422 2720 942627396 4760268 0 210745 0 2504 4160159 0 0 0 0 0 0 0 0 0 14180481 8784536 0
cpu15 798 0 57657949 27145937 651401 54384 755840073384 71181097332 30514753
domain0 MC ff00 207 207 0 0 0 0 0 0 0 0 207 186887 116956 67696 11 0 70014 0 2236 0 7 116950 21734898 7231785 13351154 0 0 14504520 0 1151959 159 4798 5731632 0 0 0 0 0 0 0 0 0 311733 18128 0
domain1 PKG ffff 136 136 0 0 0 0 0 0 0 0 0 123042 122919 110 0 0 130 0 13 0 0 2039 17972767 12047812 5527396 5712 1798720601 7537782 0 397559 0 4215 11058603 0 0 0 0 0 0 0 0 0 285284 18820 0
