version 17
timestamp 4297109192
cpu0 760 0 14078705 6708848 196131 56429 175268127656 14943979956 7377351
domain0 MC 00ff 199 199 0 0 0 0 0 0 0 0 199 127425 115232 11534 2 0 12220 0 660 0 0 115232 3841084 1438595 2180712 0 0 2402840 0 221777 34 859 1194775 0 0 0 0 0 0 0 0 0 72522 4077 0
domain1 PKG ffff 90 90 0 0 0 0 0 0 0 0 1 88714 82665 5618 0 1759185 8340 0 457 11 6 49212 3345355 2299969 958888 320 302276579 1313625 0 86498 1 905 2125854 16 0 16 0 0 0 0 0 0 67180 4042 0
cpu1 654 0 9032608 4249921 11713742 1460777 272757487082 63293348189 4778083
domain0 MC 00ff 694 694 0 0 0 0 0 0 0 0 694 114172 110726 3332 3 0 3456 0 114 0 6 110720 1789274 824780 900834 0 0 964702 0 63660 9 614 699263 0 0 0 0 0 0 0 0 0 6949284 2358039 0
domain1 PKG ffff 188 188 0 0 0 0 0 0 0 0 0 79706 78945 691 0 230122 1069 0 68 0 0 2647 1565041 974124 544728 320 116710507 834709 0 46189 0 504 900232 0 0 0 0 0 0 0 0 0 3303681 2545559 0
cpu2 774 0 14221442 6762752 180870 50906 168651639270 15502557078 7465735
domain0 MC 00ff 539 539 0 0 0 0 0 0 0 0 539 122104 110075 11559 1 0 12057 0 471 1 2 110073 4170028 1543546 2388573 0 0 2626892 0 237909 35 906 1275534 0 0 0 0 0 0 0 0 0 66880 3650 0
domain1 PKG ffff 240 240 0 0 0 0 0 0 0 0 0 84653 83867 723 0 255426 988 0 68 0 0 2520 3504980 2410518 1007087 656 307678041 1380147 0 87375 0 926 2226479 0 0 0 0 0 0 0 0 0 63084 3830 0
cpu3 752 0 9136481 4251851 11364479 1363698 271058455688 74279331003 4879036
domain0 MC 00ff 449 449 0 0 0 0 0 0 0 0 449 83509 80116 3285 0 0 3397 0 107 0 1 80115 2029915 935792 1023491 0 0 1094294 0 70632 0 727 792715 0 0 0 0 0 0 0 0 0 6660394 2168026 0
domain1 PKG ffff 78 78 0 0 0 0 0 0 0 0 0 58767 58598 153 0 25553 231 0 19 0 0 566 1773252 1077383 643603 88 154608391 968825 0 52266 0 577 992174 0 0 0 0 0 0 0 0 0 3340387 2321554 0
cpu4 710 0 14112883 6712862 181903 52438 176681554865 15252657099 7405152
domain0 MC 00ff 530 530 0 0 0 0 0 0 0 0 530 125431 113285 11588 26 0 12180 0 564 0 0 113285 4108158 1523724 2350026 0 0 2584839 0 234408 33 976 1262784 0 0 0 0 0 0 0 0 0 67279 4108 0
domain1 PKG ffff 228 228 0 0 0 0 0 0 0 0 0 86913 86730 159 0 32647 211 0 24 0 0 1154 3506417 2411733 1006439 216 305202053 1383205 0 88245 0 899 2226896 0 0 0 0 0 0 0 0 0 62186 3963 0
cpu5 787 0 9149839 4236706 10838099 1285470 302592913172 87147655476 4915926
domain0 MC 00ff 543 543 0 0 0 0 0 0 0 0 543 91848 88586 3153 0 0 3272 0 109 0 1 88585 1974967 949880 951350 0 0 1025278 0 73737 0 705 811620 0 0 0 0 0 0 0 0 0 6254835 1995253 0
domain1 PKG ffff 113 113 0 0 0 0 0 0 0 0 0 64654 64593 57 0 2537 77 0 4 0 0 293 1716497 1034363 629869 56 160285903 945030 0 52265 0 529 951814 0 0 0 0 0 0 0 0 0 3297794 2044593 0
cpu6 715 0 13691924 6519093 159501 35074 179174790753 14883877236 7184899
domain0 MC 00ff 204 204 0 0 0 0 0 0 0 0 204 90352 78040 11734 0 0 12349 0 580 0 3 78037 3794906 1421882 2156320 0 0 2373449 0 216704 36 822 1180897 0 0 0 0 0 0 0 0 0 63911 3699 0
domain1 PKG ffff 120 120 0 0 0 0 0 0 0 0 0 62030 61976 51 0 2774 59 0 2 0 0 524 3295627 2266062 945068 432 291083297 1297480 0 84497 0 803 2095161 0 0 0 0 0 0 0 0 0 60516 3781 0
cpu7 783 0 8486107 3908478 12177631 1404509 298894020088 94016322853 4570550
domain0 MC 00ff 871 871 0 0 0 0 0 0 0 0 871 90455 87892 2475 0 0 2577 0 89 0 1 87891 1699904 855290 789582 0 0 844777 0 55032 0 603 737927 0 0 0 0 0 0 0 0 0 7162029 2373443 0
domain1 PKG ffff 242 242 0 0 0 0 0 0 0 0 0 63285 63277 8 0 0 11 0 0 0 0 82 1512498 902785 564159 224 119047828 884645 0 45554 0 395 835470 0 0 0 0 0 0 0 0 0 3611093 2438072 0
cpu8 746 0 12127006 5774071 153927 40027 152872170708 12731999637 6368537
domain0 MC ff00 531 531 0 0 0 0 0 0 0 0 531 100446 87352 12431 0 0 13111 0 663 0 2 87350 3617434 1461539 1955542 0 0 2156246 0 200353 43 884 1227713 0 0 0 0 0 0 0 0 0 61242 3688 0
domain1 PKG ffff 297 297 0 0 0 0 0 0 0 0 1 69429 62570 6395 0 1644179 9545 0 500 12 7 43801 3155962 2145585 940957 688 273660678 1309689 0 69420 0 703 1981660 22 1 21 0 0 0 0 0 0 52658 3651 0
cpu9 856 0 8757703 4071138 11530784 1537118 257282741138 69495631686 4685364
domain0 MC ff00 1804 1804 0 0 0 0 0 0 0 0 1804 102689 98879 3669 0 0 3809 0 134 0 2 98876 1872364 835848 969193 0 0 1036688 0 67323 0 714 701755 0 0 0 0 0 0 0 0 0 6316440 2196384 0
domain1 PKG ffff 715 715 0 0 0 0 0 0 0 0 0 72596 71819 725 0 182068 1150 0 58 0 0 2610 1668685 997991 628779 496 167266796 926837 0 41915 0 622 913835 0 0 0 0 0 0 0 0 0 3677226 2223227 0
cpu10 674 0 8518543 3952938 12239834 1447292 290216512637 77577859532 4558287
domain0 MC ff00 1947 1946 1 1 0 0 0 0 0 0 1946 102345 99701 2565 0 0 2647 0 75 0 2 99701 1816791 910996 842996 0 0 905985 0 62799 0 711 785564 0 0 0 0 0 0 0 0 0 7131587 2543579 0
domain1 PKG ffff 714 714 0 0 0 0 0 0 0 0 0 72767 72407 322 0 58359 502 0 40 0 0 728 1568883 924599 602952 368 135769064 933190 0 41332 0 476 851214 0 0 0 0 0 0 0 0 0 3660955 2602935 0
cpu11 702 0 14447054 6847993 180227 39842 185381505868 16972151303 7617804
domain0 MC ff00 716 716 0 0 0 0 0 0 0 0 716 125947 114680 10563 0 0 11297 0 703 0 0 114681 4370036 1710918 2386552 0 0 2659613 0 272566 23 1069 1424251 0 0 0 0 0 0 0 0 0 71401 4246 0
domain1 PKG ffff 273 273 0 0 0 0 0 0 0 0 0 90621 90189 398 0 92096 550 0 36 0 0 1647 2860827 1954055 841597 1784 261047466 1144224 0 65175 0 883 1800853 0 0 0 0 0 0 0 0 0 68984 4029 0
cpu12 816 0 8635976 3993167 11817710 1287991 277220927456 85151373638 4638526
domain0 MC ff00 1384 1384 0 0 0 0 0 0 0 0 1384 113515 110610 2798 16 0 2912 0 106 0 0 110608 1988680 987371 924291 0 0 1001495 0 77018 1 833 849927 0 0 0 0 0 0 0 0 0 6738545 2260833 0
domain1 PKG ffff 395 395 0 0 0 0 0 0 0 0 0 79908 79800 102 0 13930 136 0 6 0 0 372 1735051 1028852 661237 640 164291523 1000699 0 44962 0 565 944493 0 0 0 0 0 0 0 0 0 3791174 2287654 0
cpu13 783 0 14052242 6669807 166850 36165 172278431354 15998630306 7392101
domain0 MC ff00 1019 1019 0 0 0 0 0 0 0 0 1019 94330 82763 11012 2 0 11589 0 555 0 2 82761 4217654 1665245 2292983 0 0 2552840 0 259426 35 1010 1393604 0 0 0 0 0 0 0 0 0 67115 3875 0
domain1 PKG ffff 466 466 0 0 0 0 0 0 0 0 0 65241 65116 114 0 7788 145 0 11 0 0 819 3328581 2250767 1003929 3232 297524828 1392850 0 73885 0 912 2076113 0 0 0 0 0 0 0 0 0 63570 3830 0
cpu14 781 0 8622511 3992350 11492538 1286916 276530357190 78574828214 4625026
domain0 MC ff00 721 721 0 0 0 0 0 0 0 0 721 75364 72336 2938 0 0 3041 0 89 0 1 72335 1968107 976799 920511 0 0 991482 0 70797 0 783 843849 0 0 0 0 0 0 0 0 0 6679844 2348195 0
domain1 PKG ffff 198 198 0 0 0 0 0 0 0 0 0 52748 52715 32 0 4665 42 0 1 0 0 165 1715409 1019213 653779 320 144738783 1015899 0 42417 0 406 940416 0 0 0 0 0 0 0 0 0 3525778 2326746 0
cpu15 786 0 13898831 6610352 178710 38894 170072940283 14649621709 7292860
domain0 MC ff00 194 194 0 0 0 0 0 0 0 0 194 96722 84954 11276 0 0 11791 0 492 0 2 84952 4212677 1660848 2301986 0 0 2552232 0 249843 33 909 1386877 0 0 0 0 0 0 0 0 0 74220 3878 0
domain1 PKG ffff 130 130 0 0 0 0 0 0 0 0 0 66721 66704 14 0 0 17 0 3 0 0 391 3251890 2216272 962466 1024 293172309 1319383 0 73152 0 894 2048083 0 0 0 0 0 0 0 0 0 65596 3926 0
