version 15
timestamp 4295166322
cpu0 5 0 55852508 27153321 510428 23508 620873522556 33426758694 28703164
domain0 00ff 102708 63720 22824 39091 16271 462 0 63720 4 4 0 0 0 0 0 4 1099201 599365 177893 500068 321943 294 0 573765 91 0 91 0 0 0 0 0 0 248401 24733 0
domain1 ffff 54161 33373 13565 7578829 7532 237 2 29356 1 1 0 0 0 0 0 0 316980 195675 61665 36781595 59640 86 5 195525 56 1 55 0 0 0 0 0 0 238519 23056 0
cpu1 7 0 29387173 13326368 42450024 5544072 1119478237420 274828723383 16042036
domain0 00ff 62116 53969 6440 8290 1713 56 1 53968 1492 1473 11 31 8 0 0 1473 706099 425305 110465 280915 170329 26 0 403652 4 0 4 0 0 0 0 0 0 27805823 11594043 0
domain1 ffff 37203 34369 1780 1065854 1079 1 0 3238 209 209 0 0 0 0 0 0 302105 143430 71196 52375224 87479 4 7 143291 0 0 0 0 0 0 0 0 0 9100129 12069489 0
cpu2 13 0 54288308 26307573 504543 21102 648676215891 39503884139 27983034
domain0 00ff 100715 62593 26908 38215 11420 575 0 62593 8 8 0 0 0 0 0 8 942598 496910 166611 445870 279077 463 0 472195 189 0 189 0 0 0 0 0 0 249703 24474 0
domain1 ffff 49392 46374 1879 797417 1172 3 0 5587 1 1 0 0 0 0 0 0 278484 164574 55035 40276868 58875 1 1 164406 0 0 0 0 0 0 0 0 0 233738 22508 0
cpu3 3 0 29748164 13441536 41145241 5395878 1115243617950 284701940598 16287769
domain0 00ff 63474 55109 6776 8454 1595 46 0 55109 1531 1510 11 56 10 0 0 1510 1109186 702206 163194 407135 243786 25 1 671433 5 0 5 0 0 0 0 0 0 26763523 11038572 0
domain1 ffff 37755 37054 412 129667 292 0 0 1361 182 182 0 0 0 0 0 0 412142 226545 102564 40609474 83033 0 12 226370 0 0 0 0 0 0 0 0 0 8985840 11493866 0
cpu4 16 0 53801619 25971110 512450 22458 651173141862 41175218022 27832186
domain0 00ff 101661 63350 25052 38415 13368 429 0 63348 7 7 0 0 0 0 0 7 1404721 713727 238644 691295 452350 361 0 678206 88 0 88 0 0 0 0 0 0 251258 24454 0
domain1 ffff 48744 48086 376 102836 286 0 0 2332 0 0 0 0 0 0 0 0 334826 188892 64447 57922759 81487 0 9 188719 0 0 0 0 0 0 0 0 0 238734 22599 0
cpu5 1 0 27949132 12477218 42381772 5319461 1156910007595 309778084729 15452594
domain0 00ff 60704 53608 5798 7113 1301 28 2 53606 1633 1608 16 85 9 0 1 1607 1270416 814283 171681 456324 284452 18 5 777940 3 0 3 0 0 0 0 0 0 27902535 11554960 0
domain1 ffff 36267 36109 96 30412 62 0 0 606 226 226 0 0 0 0 0 0 291236 139349 71010 47504393 80877 0 7 139222 0 0 0 0 0 0 0 0 0 9159776 11985868 0
cpu6 6 0 53970049 26142331 513382 21553 650960044418 39334724837 27828644
domain0 00ff 100067 61948 26188 38381 12076 537 0 61948 6 6 0 0 0 0 0 6 1012646 512422 188870 500455 311354 390 0 485740 133 0 133 0 0 0 0 0 0 253875 24824 0
domain1 ffff 49070 48942 76 7275 53 0 0 1043 0 0 0 0 0 0 0 0 326350 187823 62779 50985295 75748 0 5 187633 0 0 0 0 0 0 0 0 0 237954 23030 0
cpu7 4 0 28282782 12730684 42432835 5361742 1144822858632 305967164323 15535575
domain0 00ff 60596 53119 6080 7502 1401 39 0 53119 1645 1623 11 22 11 1 0 1623 883739 578939 126428 304908 178372 20 1 553845 1 0 1 0 0 0 0 0 0 27846087 11502876 0
domain1 ffff 35430 35396 17 11264 17 0 0 251 268 268 0 0 0 0 0 0 179342 80134 42405 41548605 56803 0 6 80034 0 0 0 0 0 0 0 0 0 9225006 11898236 0
cpu8 8 0 44663600 21283525 453855 31758 546758595267 38974247243 23383195
domain0 ff00 115384 61815 33787 53860 19855 314 0 61815 1 1 0 0 0 0 0 1 2389970 1063940 447389 1326861 878641 544 1 1006879 54 0 54 0 0 0 0 0 0 218436 24394 0
domain1 ffff 57625 39542 12508 4977469 5736 68 0 34842 0 0 0 0 0 0 0 0 652973 436020 108823 55340089 108130 37 9 435708 23 0 23 0 0 0 0 0 0 203661 16779 0
cpu9 3 0 20915793 8838575 43176886 5569258 1271990575543 540457160780 12079724
domain0 ff00 51731 46288 4546 5545 897 24 2 46286 3575 3519 29 106 27 0 0 3519 1021695 621952 154792 399937 244951 14 4 589127 0 0 0 0 0 0 0 0 0 26074813 10255774 0
domain1 ffff 31980 30214 1199 442767 576 0 0 2634 771 771 0 0 0 0 0 0 459084 248603 106723 46160166 103758 1 4 248382 0 0 0 0 0 0 0 0 0 11532815 10748992 0
cpu10 2 0 27303708 12031717 42935659 5564809 1200932682668 390122592191 15254541
domain0 ff00 56154 48476 6159 7802 1528 67 1 48475 2103 2050 36 86 17 2 0 2050 627328 395801 91045 231658 140482 40 3 379059 7 0 7 0 0 0 0 0 0 27174346 10994089 0
domain1 ffff 33262 31915 890 420248 467 2 0 2135 282 282 0 0 0 0 0 0 185022 101191 43772 21440056 40059 0 3 101107 0 0 0 0 0 0 0 0 0 10196504 12218360 0
cpu11 7 0 56182074 26942888 553687 24208 708670777857 54547653304 29246231
domain0 ff00 99602 55190 30655 44509 14048 844 0 55189 11 10 0 1 1 0 0 10 1151375 530676 227946 621125 392753 592 1 502465 268 0 268 0 0 0 0 0 0 272781 28495 0
domain1 ffff 48445 46859 1033 365913 564 0 0 4962 0 0 0 0 0 0 0 0 584442 381167 118316 35772240 84959 1 4 380889 0 0 0 0 0 0 0 0 0 256698 20888 0
cpu12 2 0 27760001 12385953 42471236 5261396 1171097282219 337607182460 15355759
domain0 ff00 58192 49622 6882 8602 1696 84 2 49620 1957 1923 18 34 16 1 0 1923 598602 296500 116631 302287 185471 25 4 276785 8 0 8 0 0 0 0 0 0 27476168 11152162 0
domain1 ffff 34958 34615 205 85829 141 0 0 1096 251 251 0 0 0 0 0 0 296416 165338 66564 34209354 64514 0 6 165211 0 0 0 0 0 0 0 0 0 9733672 12270412 0
cpu13 13 0 56383044 27188583 531996 21571 654862901311 43302987066 29199189
domain0 ff00 102667 55417 29922 47377 17537 830 2 55415 11 10 0 1 1 0 0 10 1143922 532725 208351 611609 402846 562 0 505923 179 0 179 0 0 0 0 0 0 262952 28591 0
domain1 ffff 47410 47035 246 33554 133 0 0 2145 0 0 0 0 0 0 0 0 490764 310422 100418 34624674 79924 0 1 310223 0 0 0 0 0 0 0 0 0 247473 20100 0
cpu14 5 0 28960779 13035382 42048916 5280346 1127499036452 285301761771 15904594
domain0 ff00 62422 51417 8621 11059 2410 140 0 51417 1504 1461 25 76 18 0 0 1461 1053091 564465 188701 488862 299925 52 2 534880 21 0 21 0 0 0 0 0 0 27225655 11094055 0
domain1 ffff 36171 36090 42 18287 41 0 0 596 164 164 0 0 0 0 0 0 268062 164246 59795 16490100 44021 0 4 164117 0 0 0 0 0 0 0 0 0 9542915 12220261 0
cpu15 4 0 55182997 26675233 514174 21223 636417460620 41300162999 28510145
domain0 ff00 103732 56120 30303 47787 17551 907 3 56116 3 3 0 0 0 0 0 3 771571 324307 173890 447519 273374 543 1 304960 222 0 222 0 0 0 0 0 0 256946 28581 0
domain1 ffff 48325 48266 37 1990 22 0 0 862 0 0 0 0 0 0 0 0 406579 267050 73977 39859149 65552 0 7 266810 0 0 0 0 0 0 0 0 0 236005 18699 0
