version 15
timestamp 4295241625
cpu0 29 0 712209 355836 14503 8780 26816946723 325888794 374120
domain0 00ff 142990 142977 10 13 3 0 0 142977 14 14 0 0 0 0 0 14 646 587 50 63 9 0 0 584 0 0 0 0 0 0 0 0 0 2851 355 0
domain1 ffff 71912 71608 296 306 9 0 0 69870 3 3 0 0 0 0 0 0 633 578 45 74 10 0 0 578 1 0 1 0 0 0 0 0 0 2872 101 0
cpu1 11 0 721785 360292 687544 75264 10837445600 71603940 364581
domain0 00ff 138205 138197 7 9 1 0 0 138196 2 2 0 0 0 0 0 2 1104 1042 38 77 24 0 0 1042 0 0 0 0 0 0 0 0 0 306176 2881 0
domain1 ffff 69524 69522 3 3 0 0 0 375 0 0 0 0 0 0 0 0 1080 1030 38 61 12 0 0 1030 0 0 0 0 0 0 0 0 0 306104 2305 0
cpu2 14 0 659777 329719 28076 6757 7882099273 101821518 332567
domain0 00ff 141807 141796 8 13 3 0 0 141796 1 1 0 0 0 0 0 1 534 467 49 82 18 0 0 465 0 0 0 0 0 0 0 0 0 20119 18560 0
domain1 ffff 71452 71452 0 0 0 0 0 9 0 0 0 0 0 0 0 0 513 468 41 67 4 0 0 468 0 0 0 0 0 0 0 0 0 1200 101 0
cpu3 50 0 720958 359903 745153 76611 8053956373 43244493 363442
domain0 00ff 144463 144459 3 5 2 0 0 144459 1 1 0 0 0 0 0 1 1139 1084 39 69 16 0 0 1083 0 0 0 0 0 0 0 0 0 326635 3233 0
domain1 ffff 72332 72333 0 0 0 0 0 2 0 0 0 0 0 0 0 0 1120 1080 29 47 11 0 0 1080 0 0 0 0 0 0 0 0 0 341907 2584 0
cpu4 20 0 718565 359108 5481 3049 24841313475 43347753 361332
domain0 00ff 143070 143061 7 8 0 0 0 143063 30 30 0 0 0 0 0 30 402 360 32 48 10 0 0 360 0 0 0 0 0 0 0 0 0 1472 464 0
domain1 ffff 71870 71871 0 0 0 0 0 0 10 10 0 0 0 0 0 0 391 357 24 45 10 0 0 357 0 0 0 0 0 0 0 0 0 960 99 0
cpu5 42 0 769899 384358 760058 81173 7621640115 77063688 387983
domain0 00ff 141534 141530 5 7 0 0 0 141530 0 0 0 0 0 0 0 0 1198 1084 95 121 19 0 0 1080 0 0 0 0 0 0 0 0 0 334925 20960 0
domain1 ffff 71542 71542 0 0 0 0 0 1 0 0 0 0 0 0 0 0 1168 1126 35 54 7 0 0 1126 0 0 0 0 0 0 0 0 0 343960 2692 0
cpu6 15 0 699793 349692 8874 5382 7471938657 51052026 353956
domain0 00ff 141466 141458 5 11 4 0 0 141457 2 2 0 0 0 0 0 2 510 411 81 102 18 0 0 409 0 0 0 0 0 0 0 0 0 1969 464 0
domain1 ffff 71381 71383 0 0 0 0 0 0 0 0 0 0 0 0 0 0 484 435 40 60 9 0 0 435 0 0 0 0 0 0 0 0 0 1523 105 0
cpu7 28 0 784076 391420 706160 78200 20378519525 111450366 398696
domain0 00ff 141032 141024 5 10 3 0 0 141024 32 32 0 0 0 0 0 32 1205 1111 75 104 19 0 0 1109 0 0 0 0 0 0 0 0 0 309580 3141 0
domain1 ffff 72582 72581 0 0 0 0 0 0 5 5 0 0 0 0 0 0 1184 1131 50 66 3 0 0 1131 0 0 0 0 0 0 0 0 0 318380 2591 0
cpu8 18 0 430185 214932 11630 8229 5526668528 54336645 219378
domain0 ff00 136594 136585 5 15 4 0 0 136584 1 1 0 0 0 0 0 1 465 413 32 64 20 0 0 411 0 0 0 0 0 0 0 0 0 2804 686 0
domain1 ffff 70660 70400 252 261 8 0 0 66271 0 0 0 0 0 0 0 0 441 390 43 64 8 0 0 390 2 0 2 0 0 0 0 0 0 597 85 0
cpu9 24 0 712888 355922 667392 71667 7646518981 932353471 359953
domain0 ff00 141444 141444 3 6 0 0 0 141444 2 2 0 0 0 0 0 2 1048 962 60 90 26 0 0 960 0 0 0 0 0 0 0 0 0 296913 2764 0
domain1 ffff 72492 72500 1 1 0 0 0 289 0 0 0 0 0 0 0 0 1017 963 47 67 7 0 0 963 0 0 0 0 0 0 0 0 0 298812 2185 0
cpu10 29 0 903214 450920 728369 90104 7327158099 58101499 454760
domain0 ff00 142233 142226 7 12 2 0 0 142226 1 1 0 0 0 0 0 1 1311 1232 62 86 17 0 0 1230 0 0 0 0 0 0 0 0 0 317840 3804 0
domain1 ffff 71294 71298 0 0 0 0 0 7 0 0 0 0 0 0 0 0 1288 1226 53 71 9 0 0 1226 0 0 0 0 0 0 0 0 0 320425 2956 0
cpu11 14 0 872475 435985 19234 14893 12967891782 64614026 445579
domain0 ff00 137759 137740 8 20 9 0 0 137740 0 0 0 0 0 0 0 0 706 617 66 99 23 0 0 615 0 0 0 0 0 0 0 0 0 2615 236 0
domain1 ffff 69681 69684 0 0 0 0 0 0 0 0 0 0 0 0 0 0 673 607 60 86 6 0 0 607 0 0 0 0 0 0 0 0 0 1726 97 0
cpu12 24 0 799600 399171 726117 83485 6763584859 78165585 403882
domain0 ff00 144048 144051 3 7 2 0 0 144045 0 0 0 0 0 0 0 0 1296 1178 92 129 26 0 0 1177 0 0 0 0 0 0 0 0 0 330206 3737 0
domain1 ffff 72125 72124 0 0 0 0 0 1 0 0 0 0 0 0 0 0 1268 1223 36 52 9 0 0 1223 0 0 0 0 0 0 0 0 0 312426 2541 0
cpu13 22 0 730218 364888 16528 12326 9609993191 78122809 368178
domain0 ff00 137626 137618 6 10 2 0 0 137618 7 7 0 0 0 0 0 7 527 455 59 77 13 0 0 454 0 0 0 0 0 0 0 0 0 1869 666 0
domain1 ffff 69513 69513 0 0 0 0 0 0 2 2 0 0 0 0 0 0 512 477 27 42 8 0 0 477 0 0 0 0 0 0 0 0 0 2333 100 0
cpu14 15 0 786472 392607 741962 81970 7859234275 846516647 397986
domain0 ff00 137483 137478 2 7 3 0 0 137478 0 0 0 0 0 0 0 0 1227 1159 50 73 18 0 0 1156 0 0 0 0 0 0 0 0 0 343681 3821 0
domain1 ffff 70399 70399 0 0 0 0 0 0 0 0 0 0 0 0 0 0 1202 1156 39 56 7 0 0 1156 0 0 0 0 0 0 0 0 0 316311 2537 0
cpu15 32 0 733235 366349 9617 5971 9865010126 245549720 370666
domain0 ff00 142745 142741 4 6 1 0 0 142741 9 9 0 0 0 0 0 9 519 466 30 64 23 0 0 462 0 0 0 0 0 0 0 0 0 2350 165 0
domain1 ffff 71691 71691 0 0 0 0 0 0 1 1 0 0 0 0 0 0 489 450 33 49 6 0 0 450 0 0 0 0 0 0 0 0 0 1296 87 0
