version 15
timestamp 4295450613
cpu0 34 0 59318417 29007256 363581 24888 628282931063 29349497135 30328030
domain0 00ff 238185 204072 22087 34214 12383 709 1 204071 14 14 0 0 0 0 0 14 11515 4028 3342 7499 4145 89 0 3755 340 0 340 0 0 0 0 0 0 175304 15971 0
domain1 ffff 123330 105334 12322 2526425 6035 341 2 99590 3 3 0 0 0 0 0 0 6844 5592 719 176946 533 3 0 5588 123 0 123 0 0 0 0 0 0 163389 12864 0
cpu1 14 0 38494089 17779526 45996410 6344049 991717117176 212570345352 20695438
domain0 00ff 205901 195261 8033 10833 2636 110 0 195260 250 248 2 2 0 0 0 248 6661 6457 108 224 96 0 0 6448 26 0 26 0 0 0 0 0 0 29449804 11879729 0
domain1 ffff 109184 106636 1703 368590 873 1 0 4254 19 19 0 0 0 0 0 0 6549 3356 3102 24803 91 0 0 3356 0 0 0 0 0 0 0 0 0 10202557 12817576 0
cpu2 24 0 58289223 28482840 369508 22199 603890725122 29741042804 29807948
domain0 00ff 236996 202338 21274 34931 13646 651 3 202334 2 2 0 0 0 0 0 2 10381 3586 3137 6829 3658 71 0 3307 240 0 240 0 0 0 0 0 0 189388 34071 0
domain1 ffff 116188 114229 1276 226983 700 0 0 4678 1 1 0 0 0 0 0 0 6236 5088 653 177863 495 0 0 5083 0 0 0 0 0 0 0 0 0 157921 12434 0
cpu3 53 0 32774284 14872443 49359555 6082701 1090231726621 304082744448 17881377
domain0 00ff 205473 198103 5769 7448 1614 75 0 198103 403 397 3 31 3 0 0 397 6538 6355 102 205 81 0 0 6346 11 0 11 0 0 0 0 0 0 32284737 12869972 0
domain1 ffff 108676 108264 254 60414 161 0 0 1145 33 33 0 0 0 0 0 0 6436 3335 3005 30638 96 0 0 3335 0 0 0 0 0 0 0 0 0 10992117 13822781 0
cpu4 28 0 58812999 28752443 352454 18497 625749592807 29343369177 30061528
domain0 00ff 237612 202979 19697 34791 15156 617 2 202979 32 31 0 1 1 0 0 31 9792 3264 2962 6540 3566 76 0 3012 191 1 190 0 0 0 0 0 0 173244 16110 0
domain1 ffff 115493 115140 219 7378 138 0 0 1697 10 10 0 0 0 0 0 0 5784 4815 556 108396 413 0 0 4810 0 0 0 0 0 0 0 0 0 160713 12728 0
cpu5 45 0 33216201 15098170 48716889 5950443 1089409413901 298546148379 18097549
domain0 00ff 202275 194847 5854 7485 1582 62 1 194846 428 418 8 51 2 0 0 418 7251 7050 142 221 59 0 0 7042 5 0 5 0 0 0 0 0 0 31759190 12592608 0
domain1 ffff 107759 107668 50 20985 42 0 0 526 39 39 0 0 0 0 0 0 7170 3621 3471 4249 78 0 0 3621 0 0 0 0 0 0 0 0 0 11007256 13698205 0
cpu6 25 0 58783519 28622594 359896 20158 618934394176 34716956805 30163831
domain0 00ff 235725 201143 22158 34686 12787 736 0 201143 3 3 0 0 0 0 0 3 11772 3798 3736 7986 4238 85 0 3505 342 0 342 0 0 0 0 0 0 176633 16193 0
domain1 ffff 115205 115134 45 8632 31 0 0 737 0 0 0 0 0 0 0 0 6965 5784 626 213426 555 0 0 5779 0 0 0 0 0 0 0 0 0 163105 12998 0
cpu7 31 0 34505528 15715354 48422906 6102746 1080910722540 269723225293 18773231
domain0 00ff 203407 195340 6341 8169 1740 79 0 195340 383 380 1 3 2 0 0 380 7053 6849 122 217 82 0 0 6835 10 0 10 0 0 0 0 0 0 31653869 12694688 0
domain1 ffff 109563 109545 5 20 12 0 0 201 27 27 0 0 0 0 0 0 6954 3600 3284 21669 70 0 0 3600 0 0 0 0 0 0 0 0 0 10666291 13789000 0
cpu8 25 0 47834134 23499713 294409 26040 476783277816 18681974801 24337868
domain0 ff00 241317 198422 25787 43027 17439 764 0 198421 1 1 0 0 0 0 0 1 41266 11124 9527 30183 20615 175 0 9862 301 0 301 0 0 0 0 0 0 141139 15163 0
domain1 ffff 123714 105818 12531 1889187 5700 325 0 97816 0 0 0 0 0 0 0 0 18588 13937 2263 891983 2388 3 1 13918 98 0 98 0 0 0 0 0 0 127230 9873 0
cpu9 25 0 33285660 14924060 48671562 6914124 1042442006783 349155635038 18345549
domain0 ff00 206131 197104 7088 9222 1959 83 1 197103 430 425 2 5 3 0 0 425 5853 5645 133 217 75 0 0 5633 14 0 14 0 0 0 0 0 0 29676611 11461750 0
domain1 ffff 110390 108485 1309 150918 619 0 0 3442 47 47 0 0 0 0 0 0 5752 3110 2574 3195 68 0 0 3110 0 0 0 0 0 0 0 0 0 12080827 12960360 0
cpu10 30 0 32565391 14605648 48662649 5711596 1148227018958 383363810687 17940336
domain0 ff00 199141 192769 5105 6508 1280 54 1 192768 718 709 6 9 3 1 0 709 6110 5925 120 200 65 0 0 5913 10 0 10 0 0 0 0 0 0 31469036 12002961 0
domain1 ffff 105626 104751 592 86443 296 0 0 1781 118 118 0 0 0 0 0 0 6025 3372 2562 17724 91 0 0 3372 0 0 0 0 0 0 0 0 0 11482017 13567392 0
cpu11 41 0 61657341 29917148 398700 29761 664123068489 42072308602 31748531
domain0 ff00 230380 194451 23510 36209 12922 874 5 194446 2 2 0 0 0 0 0 2 11497 3741 3559 7776 4197 112 0 3437 484 0 484 0 0 0 0 0 0 186591 17370 0
domain1 ffff 113136 112308 549 93166 288 1 0 3150 0 0 0 0 0 0 0 0 6752 5597 700 104595 455 0 0 5592 0 0 0 0 0 0 0 0 0 182348 12846 0
cpu12 25 0 34661926 15879791 47849765 5725658 1082528469980 266884056539 18761184
domain0 ff00 206103 197546 6642 8682 1953 86 6 197534 445 431 8 14 6 2 0 431 6479 6219 160 274 100 0 0 6209 28 0 28 0 0 0 0 0 0 31579308 12368809 0
domain1 ffff 108620 108383 142 13064 96 0 0 819 46 46 0 0 0 0 0 0 6361 3448 2840 8237 73 0 0 3448 0 0 0 0 0 0 0 0 0 10544799 13984786 0
cpu13 31 0 60553730 29458488 371339 24041 634199183102 36901514568 31097384
domain0 ff00 232453 194800 23234 37810 14823 911 1 194799 8 7 1 13 0 0 0 7 10994 3371 3439 7648 4184 108 0 3094 374 0 374 0 0 0 0 0 0 177576 17435 0
domain1 ffff 113071 112890 110 22491 73 0 0 1248 2 2 0 0 0 0 0 0 6300 5213 637 122345 450 0 0 5208 0 0 0 0 0 0 0 0 0 169722 12572 0
cpu14 17 0 36419920 16922599 45771907 5737511 1022456542754 205246380985 19476553
domain0 ff00 204157 193479 8296 10810 2413 136 2 193477 267 255 7 12 5 0 0 255 6011 5752 138 264 121 2 0 5734 28 0 28 0 0 0 0 0 0 30008923 11803488 0
domain1 ffff 108728 108672 40 66 16 0 0 426 17 17 0 0 0 0 0 0 5860 3217 2564 20536 79 0 0 3217 0 0 0 0 0 0 0 0 0 10025473 13618291 0
cpu15 44 0 58685418 28663908 348684 16909 613926123628 30555762031 30024588
domain0 ff00 239745 201118 23261 38762 15766 869 2 201115 11 10 0 1 1 0 0 10 9610 3062 3122 6568 3426 80 0 2805 369 0 369 0 0 0 0 0 0 171736 16637 0
domain1 ffff 115248 115229 8 3497 11 0 0 495 2 2 0 0 0 0 0 0 5724 4805 520 138228 399 0 0 4800 0 0 0 0 0 0 0 0 0 160039 11693 0
