version 15
timestamp 4295153556
cpu0 12 0 53547554 26194994 343735 17243 559176960589 26544216409 27359067
domain0 00ff 87497 51741 22482 35922 13709 801 3 51738 1 1 0 0 0 0 0 1 10144 3117 3090 7032 3937 76 0 2875 415 1 414 0 0 0 0 0 0 170664 16504 0
domain1 ffff 45919 30083 10337 3503444 5810 309 1 25952 0 0 0 0 0 0 0 0 5719 4689 570 138845 460 0 1 4686 98 0 98 0 0 0 0 0 0 155828 13434 0
cpu1 4 0 28842164 13010913 43783516 5354307 1025244409750 304995127908 15816128
domain0 00ff 52655 45682 5404 7008 1578 74 2 45680 654 644 3 10 7 0 0 644 5035 4915 69 128 51 0 0 4905 8 0 8 0 0 0 0 0 0 28584957 11399274 0
domain1 ffff 32329 30133 1392 448550 832 5 1 2742 66 66 0 0 0 0 0 0 4969 2173 2724 24781 72 0 0 2173 0 0 0 0 0 0 0 0 0 9844252 12433744 0
cpu2 4 0 53687971 26238208 345988 14706 562617299580 27558940381 27453386
domain0 00ff 87992 51858 21084 36306 15415 716 0 51857 1 1 0 0 0 0 0 1 10075 2965 3133 7128 3977 90 0 2721 337 0 337 0 0 0 0 0 0 172879 16456 0
domain1 ffff 40464 38193 1364 320783 932 2 0 4629 0 0 0 0 0 0 0 0 5618 4510 632 205803 476 0 0 4508 0 0 0 0 0 0 0 0 0 158403 13530 0
cpu3 8 0 29213341 13240097 42521899 5216459 1015028937374 287889804316 15955911
domain0 00ff 53738 46271 5841 7514 1643 70 0 46271 544 534 3 10 7 2 0 534 5624 5476 68 159 80 0 0 5461 16 0 16 0 0 0 0 0 0 27620386 10961784 0
domain1 ffff 32462 31923 321 99070 221 0 0 1210 20 20 0 0 0 0 0 0 5520 2391 3064 10544 65 0 0 2391 0 0 0 0 0 0 0 0 0 9685054 11970131 0
cpu4 5 0 54506868 26678725 340252 15958 544621245581 24794645894 27829978
domain0 00ff 89504 52460 20830 37176 16566 791 1 52459 0 0 0 0 0 0 0 0 9093 2678 2819 6436 3596 66 0 2465 322 0 322 0 0 0 0 0 0 167545 16236 0
domain1 ffff 39811 39332 277 26470 205 0 0 2012 0 0 0 0 0 0 0 0 5113 4250 504 121276 359 0 1 4247 0 0 0 0 0 0 0 0 0 156749 13490 0
cpu5 1 0 29276735 13230784 43396297 5363102 1011605518766 290276576673 16028829
domain0 00ff 54015 46873 5500 7178 1656 80 1 46872 586 579 3 13 4 0 0 579 5722 5619 53 115 50 0 0 5607 11 0 11 0 0 0 0 0 0 28171153 11173794 0
domain1 ffff 32394 32258 77 14670 59 0 0 538 42 42 0 0 0 0 0 0 5647 2458 3119 15744 70 0 1 2457 0 0 0 0 0 0 0 0 0 9862042 12338164 0
cpu6 2 0 53297408 26003427 348042 15481 564523180460 29505137227 27295774
domain0 00ff 87558 51471 21978 36205 14523 802 1 51470 2 2 0 0 0 0 0 2 9922 2942 2981 6994 3999 90 0 2677 387 0 387 0 0 0 0 0 0 173334 16657 0
domain1 ffff 39738 39620 65 5037 53 0 0 833 0 0 0 0 0 0 0 0 5475 4451 541 158657 483 0 0 4450 0 0 0 0 0 0 0 0 0 159227 13462 0
cpu7 3 0 29674679 13466250 41758138 5276774 1003190124681 272088687337 16193993
domain0 00ff 50969 43137 6076 7880 1774 97 3 43134 492 484 4 8 4 1 0 484 5075 4979 67 102 29 0 0 4965 10 0 10 0 0 0 0 0 0 27166635 10876706 0
domain1 ffff 32583 32557 17 4012 9 0 0 223 17 17 0 0 0 0 0 0 5019 2170 2787 10274 62 0 0 2170 0 0 0 0 0 0 0 0 0 9314729 12006114 0
cpu8 10 0 44963423 22075575 291550 16898 474334488249 18492115414 22905480
domain0 ff00 95810 53756 26689 42192 15850 903 1 53755 2 2 0 0 0 0 0 2 41283 10562 8851 30751 21870 190 0 9377 464 1 463 0 0 0 0 0 0 146589 15452 0
domain1 ffff 48678 31884 10770 3599697 6356 308 0 28629 0 0 0 0 0 0 0 0 17476 12826 2168 957684 2482 5 1 12810 109 1 108 0 0 0 0 0 0 128063 11522 0
cpu9 1 0 27794026 12350687 43210449 5815654 1005782426807 354794638355 15427775
domain0 ff00 54362 47067 5774 7470 1537 63 1 47066 552 545 6 7 1 0 0 545 5619 5482 68 140 69 0 0 5469 16 0 16 0 0 0 0 0 0 26796931 10552571 0
domain1 ffff 33126 31155 1207 390742 786 0 0 2612 41 41 0 0 0 0 0 0 5526 2329 3115 33286 82 0 0 2329 0 0 0 0 0 0 0 0 0 10597864 11257651 0
cpu10 5 0 28144339 12535195 44099587 5100293 1077873447275 353293728765 15592633
domain0 ff00 49281 43497 4620 5856 1173 46 3 43493 803 785 11 18 7 1 1 784 4953 4878 38 89 37 0 0 4872 9 0 9 0 0 0 0 0 0 28933674 11346920 0
domain1 ffff 30347 29211 691 193907 459 3 0 1603 80 80 0 0 0 0 0 0 4905 2109 2747 10214 49 0 0 2109 0 0 0 0 0 0 0 0 0 10065620 12523370 0
cpu11 11 0 58150927 28355076 367807 14557 590678406708 31717246454 29798178
domain0 ff00 85573 49658 19290 36092 16886 703 0 49657 1 1 0 0 0 0 0 1 7799 2171 2498 5639 3130 64 0 1972 235 0 235 0 0 0 0 0 0 182228 18020 0
domain1 ffff 39092 37897 702 153350 500 1 0 3113 0 0 0 0 0 0 0 0 4299 3576 426 108506 297 0 0 3574 0 0 0 0 0 0 0 0 0 171022 14024 0
cpu12 3 0 31936747 14622063 43268525 5208237 992812697339 244518404154 17296265
domain0 ff00 54530 46276 6530 8389 1746 98 3 46273 470 457 7 13 6 2 0 457 4751 4646 45 112 60 1 0 4634 16 0 16 0 0 0 0 0 0 28770359 11602167 0
domain1 ffff 32543 32227 171 37306 149 0 0 855 14 14 0 0 0 0 0 0 4675 2039 2559 19237 77 0 0 2039 0 0 0 0 0 0 0 0 0 9289929 12547090 0
cpu13 4 0 55654269 27162129 350246 11854 585249157491 30394753075 28494241
domain0 ff00 86002 49513 22272 36601 14640 879 5 49508 2 2 0 0 0 0 0 2 8158 2306 2591 5866 3261 78 0 2077 396 1 395 0 0 0 0 0 0 178625 17440 0
domain1 ffff 39373 39087 170 30174 117 0 0 1391 0 0 0 0 0 0 0 0 4499 3740 414 90891 345 0 0 3736 0 0 0 0 0 0 0 0 0 159767 13388 0
cpu14 0 0 32049919 14772934 42747770 5181712 974096277126 229018903195 17258038
domain0 ff00 56287 47043 7159 9424 2112 143 1 47042 554 544 5 10 5 0 0 544 5511 5441 37 72 33 0 0 5428 24 0 24 0 0 0 0 0 0 28233477 11324547 0
domain1 ffff 33063 33001 32 11743 31 0 0 393 58 58 0 0 0 0 0 0 5462 2327 3060 13831 75 0 1 2326 0 0 0 0 0 0 0 0 0 9332581 12419839 0
cpu15 6 0 54522613 26650441 344491 11131 571497241185 27492973819 27875933
domain0 ff00 88191 50761 22704 37553 15153 920 1 50760 2 2 0 0 0 0 0 2 7727 2247 2453 5485 3027 66 0 2032 388 0 388 0 0 0 0 0 0 176209 17313 0
domain1 ffff 39687 39643 25 50 19 0 0 647 0 0 0 0 0 0 0 0 4339 3620 386 120453 333 0 0 3618 0 0 0 0 0 0 0 0 0 157151 13212 0
