version 15
timestamp 4295132033
cpu0 11 0 40412707 18018657 509188 30899 623093861587 54144603823 22397775
domain0 00ff 87490 56658 25056 30855 5780 0 0 56658 14 13 0 1 1 0 0 13 12812215 6070605 4585681 6742157 2155929 143 2 5681823 0 0 0 0 0 0 0 0 0 251557 21800 0
domain1 ffff 51700 36225 13059 5237523 2466 6 0 32856 0 0 0 0 0 0 0 0 9241437 5777730 2589279 822734821 874428 1 534 5771172 7 0 7 0 0 0 0 0 0 226732 22531 0
cpu1 1 0 18041586 8033711 30578415 5748208 1023234539137 172976681600 9989288
domain0 00ff 47080 41976 4662 5893 443 0 1 41975 3258 3192 62 1113 4 0 1 3191 4904294 2595820 1761002 2308616 547472 1 23 2411736 0 0 0 0 0 0 0 0 0 18581141 9174441 0
domain1 ffff 29667 27644 1705 562844 325 0 0 3307 567 567 0 0 0 0 0 0 3880345 2101041 1370968 372802728 408336 0 370 2098299 0 0 0 0 0 0 0 0 0 6249066 8834051 0
cpu2 8 0 40063442 17882140 510877 30815 628115568462 55536052944 22183060
domain0 00ff 87220 56358 27464 31039 3399 0 2 56357 13 13 0 0 0 0 0 13 12858911 6109543 4630428 6749880 2118940 175 2 5680518 0 0 0 0 0 0 0 0 0 253289 22306 0
domain1 ffff 52052 48675 2716 876284 677 1 1 8385 0 0 0 0 0 0 0 0 8443858 5225618 2414487 785395691 803753 0 520 5218671 0 0 0 0 0 0 0 0 0 226773 22662 0
cpu3 1 0 17624820 7804134 31387994 5693391 1034161969473 203904123959 9803053
domain0 00ff 46164 41563 4226 5099 375 0 0 41563 3475 3415 57 942 3 0 0 3415 4838218 2631745 1691568 2206626 514905 0 26 2444107 0 0 0 0 0 0 0 0 0 19086116 9382407 0
domain1 ffff 28936 28354 465 102208 119 0 0 1545 634 634 0 0 0 0 0 0 3862247 2075961 1380941 362185430 405345 0 388 2073021 0 0 0 0 0 0 0 0 0 6608487 8951592 0
cpu4 2 0 40712686 18082316 511200 31316 626589922523 55950737944 22632315
domain0 00ff 86409 55536 25774 30903 5100 0 0 55536 9 9 0 0 0 0 0 9 13155197 6225190 4704172 6930559 2225835 168 2 5834975 0 0 0 0 0 0 0 0 0 251758 21978 0
domain1 ffff 51581 50663 726 168098 195 0 0 4548 0 0 0 0 0 0 0 0 9290311 5774704 2630560 852911456 885047 0 516 5768294 0 0 0 0 0 0 0 0 0 228126 22500 0
cpu5 0 0 17652682 7796668 31555490 5532184 1035877878057 219726832445 9838958
domain0 00ff 45848 41184 4278 5159 386 0 0 41184 3389 3335 48 805 6 0 1 3334 4837434 2652283 1679818 2185304 505333 0 23 2472165 0 0 0 0 0 0 0 0 0 19280088 9391984 0
domain1 ffff 28899 28693 166 44606 40 0 0 888 611 611 0 0 0 0 0 0 3839500 2052506 1377308 369023957 409686 0 366 2049759 0 0 0 0 0 0 0 0 0 6743218 8821981 0
cpu6 8 0 40095635 17829517 514624 30450 632746581273 56709503633 22268775
domain0 00ff 85952 55410 25922 30655 4623 0 1 55409 11 11 0 0 0 0 0 11 12750506 6073055 4542262 6678003 2135189 146 3 5683250 0 0 0 0 0 0 0 0 0 254913 22104 0
domain1 ffff 51585 51314 212 21490 59 0 0 2494 0 0 0 0 0 0 0 0 9202054 5701399 2619835 845038963 880820 0 596 5694060 0 0 0 0 0 0 0 0 0 229261 22830 0
cpu7 2 0 18700863 8247596 31111422 5492109 1022709435517 226857183898 10437830
domain0 00ff 47224 42292 4531 5760 401 0 1 42291 3037 2986 46 813 5 0 0 2986 5075300 2781179 1756424 2294255 537697 0 17 2594764 0 0 0 0 0 0 0 0 0 18800745 9080265 0
domain1 ffff 29786 29729 45 71 12 0 0 487 454 454 0 0 0 0 0 0 4021767 2170088 1425954 381109625 425725 0 376 2166876 0 0 0 0 0 0 0 0 0 6818568 8664574 0
cpu8 6 0 32818854 14606351 457785 31590 529997761681 44996869883 18224476
domain0 ff00 95450 60060 29389 35440 6009 0 0 60060 1 1 0 0 0 0 0 1 11339818 5613389 3960541 5726907 1765888 123 1 5258548 0 0 0 0 0 0 0 0 0 224223 20156 0
domain1 ffff 56762 38971 15043 6021297 2809 16 1 35485 0 0 0 0 0 0 0 0 8585120 5344818 2453827 806493258 786475 0 469 5338439 18 0 18 0 0 0 0 0 0 201972 21659 0
cpu9 0 0 16907361 7473871 30996590 6401404 1015218552452 184273560714 9428446
domain0 ff00 47831 42606 4814 5872 412 0 0 42605 2888 2846 32 569 10 0 1 2845 4947694 2666556 1727964 2281322 553174 0 26 2475241 0 0 0 0 0 0 0 0 0 17554827 8872388 0
domain1 ffff 30749 28835 1628 611679 291 0 1 3024 420 420 0 0 0 0 0 0 3657230 1972995 1324284 390509508 359951 0 409 1970030 0 0 0 0 0 0 0 0 0 7040359 8940319 0
cpu10 2 0 17638049 7784964 30866030 5461222 1043262315379 202906398175 9835958
domain0 ff00 43996 39772 3894 4678 330 0 1 39771 3785 3713 62 854 10 0 1 3712 4732648 2561760 1626588 2171038 544300 0 30 2384727 0 0 0 0 0 0 0 0 0 18507566 9037938 0
domain1 ffff 27915 26783 915 396895 218 0 0 1880 798 798 0 0 0 0 0 0 3670485 1888422 1391652 426203541 390411 0 405 1885270 0 0 0 0 0 0 0 0 0 6897242 9032866 0
cpu11 11 0 41990853 19077279 523416 30182 637536164894 57077991354 22915893
domain0 ff00 81971 53315 23822 28688 4835 45 1 53312 19 19 0 0 0 0 0 19 10498917 4867145 3769504 5632255 1862268 175 0 4527848 1 0 1 0 0 0 0 0 0 251909 22079 0
domain1 ffff 48273 46233 1640 431087 407 0 0 5965 0 0 0 0 0 0 0 0 6186512 3828274 1820102 640121674 538136 0 421 3823646 0 0 0 0 0 0 0 0 0 241325 23904 0
cpu12 0 0 17058937 7539215 31316758 5279883 1039135578802 214215916105 9501408
domain0 ff00 44769 40439 3973 4822 357 0 0 40439 3632 3571 51 841 10 0 0 3571 4611794 2529940 1566195 2081997 515659 0 34 2366132 0 0 0 0 0 0 0 0 0 18936987 9177071 0
domain1 ffff 28484 28101 319 88263 66 0 0 1050 716 716 0 0 0 0 0 0 3435178 1817485 1271369 369764864 346324 0 361 1814809 0 0 0 0 0 0 0 0 0 7099888 9087187 0
cpu13 5 0 39862977 17638399 528581 26960 653748568407 61798974793 22227912
domain0 ff00 82346 53286 25547 29087 3512 0 0 53286 17 16 0 1 1 0 0 16 12820578 6119999 4465669 6701158 2234910 178 4 5704522 0 0 0 0 0 0 0 0 0 257610 21794 0
domain1 ffff 51191 50577 490 76082 125 0 0 3408 0 0 0 0 0 0 0 0 9231814 5587235 2796503 953055351 848076 0 617 5580372 0 0 0 0 0 0 0 0 0 244011 23880 0
cpu14 5 0 17441704 7726781 30610931 4734117 1030710423050 204140561195 9697216
domain0 ff00 45551 40750 4416 5539 385 0 0 40750 3337 3268 60 783 9 0 1 3267 4943988 2687797 1697517 2256354 558674 0 17 2498227 0 0 0 0 0 0 0 0 0 18939313 8961368 0
domain1 ffff 28880 28742 108 19090 30 0 0 645 548 548 0 0 0 0 0 0 3233732 1700871 1210655 353382709 322206 0 328 1698128 0 0 0 0 0 0 0 0 0 6937501 8944564 0
cpu15 4 0 40413067 18155972 508227 22128 618544590308 51050918662 22260411
domain0 ff00 84600 54016 25109 30638 5481 99 0 54016 12 12 0 0 0 0 0 12 11649065 5516838 4126221 6132719 2006006 245 1 5150407 0 0 0 0 0 0 0 0 0 253470 22051 0
domain1 ffff 50257 50128 101 4834 28 0 0 1950 0 0 0 0 0 0 0 0 8330336 5056981 2506990 865350174 766365 0 666 5050110 0 0 0 0 0 0 0 0 0 232629 23440 0
